cb7a4e0dd0777,0.874814166376596,0.07060216658237356,0.05451103379231106,7.263324871952032e-05
e78e3915f3e30,0.01585501873189326,0.8344617852656818,0.0708576891879168,0.07882550681450816
8e65ba155f983,0.7262371012418599,0.04584140427941085,0.22499323017006256,0.0029282643086665245
701e90ca03ce2,0.6274651727083285,0.04706373729451184,0.29333922882677765,0.03213186117038203
768fefec8609a,0.018501020390704025,0.16236210042597918,0.7108650374392085,0.10827184174410825
c82dda45a3b6a,0.7496285419021238,0.16998047505333408,0.08032908611558107,6.189692896101299e-05
6341541975879,0.1637131162525138,0.144613294785132,0.6915519393827497,0.00012164957960452398
e7f84a3f59af5,0.06166633175688153,0.17408965926763276,0.764131661866765,0.00011234710872080672
277c78d6c7d4a,0.0537395862078412,0.26570274974542474,0.680369119514528,0.0001885445322061018
b3f1bc31ff96f,0.3251225525591443,0.4746149223645567,0.20017196909573726,9.05559805616638e-05
aa2489021c583,0.04969449691913341,0.925282624708873,0.024950637265961976,7.224110603165712e-05
c0bc42b246e22,0.27048816574976114,0.4679958740729926,0.2613857555261252,0.00013020465112102984
c9657b8e6a548,0.11603473955866579,0.12570106414026286,0.7581231891454868,0.0001410071555846396
ac4fe0f041f4d,0.19430766715389491,0.1985522428410382,0.6019142311501978,0.005225858854869005
78ec1dbea3802,0.09432968789503184,0.6543936959715159,0.251187907107916,8.870902553623153e-05
f7bc6efcda82c,0.45440094255990404,0.1189288583835311,0.42331282133571563,0.003357377720849186
f398ea2f613e0,0.9072517720047003,0.010650621826977841,0.0820640980756056,3.3508092716397885e-05
cf8133b7c888c,0.8545873141376111,0.04332514583219365,0.018016847918371836,0.08407069211182346
8ce644a1cf903,0.746174410720237,0.044300681674560534,0.1980152115673524,0.011509696037850027
02557380b4cd2,0.12328369608717157,0.08263757163052213,0.7940177319119284,6.100037037802438e-05
f294140a5b880,0.2962451144942003,0.13322194575744686,0.5004117196912563,0.07012122005709648
35e206e51cec4,0.5384919511356916,0.44153443071849086,0.018787024398613555,0.001186593747204025
7f3f7c6a395e7,0.6086922076267468,0.38666499255294406,0.004570154509008936,7.26453113002135e-05
54f9183c781c3,0.4938136329876721,0.12725367711861976,0.3788271949616793,0.0001054949320288657
b7af9d800fd58,0.12511076401768229,0.7850731572364175,0.08971747924395092,9.859950194932722e-05
8d11b75a862a9,0.9097352740568967,0.03390259892345783,0.04876094847500686,0.007601178544638676
472b44724b004,0.024508779041401203,0.03349316368896648,0.941950566752355,4.749051727727605e-05
7e8ca30810da1,0.912592039302671,0.0024413282779431273,0.03348870676877782,0.05147792565060806
5bca7813a04a4,0.9983874324808214,0.0010278027207498528,0.0005658454440953512,1.891935433344255e-05
e3206966caff1,0.9644553811828009,0.01257314665002732,0.02171252723040131,0.0012589449367701993
b15ccaed4e749,0.9315117395336046,0.03233783643037967,0.03535008082574618,0.0008003432102696126
b1205a3226590,0.05544523737666337,0.09357120177313108,0.8418608709726803,0.00912268987752532
2167843fc903a,0.06011871180052791,0.858786183783396,0.0782351528729724,0.002859951543103537
8ab1c994e631f,0.05709502872534984,0.8456736538735117,0.017115237656225156,0.08011607974491344
6a463ccadb0fc,0.836728810427653,0.040266747539105245,0.12295211332672068,5.232870652114545e-05
40e03a3f0818b,0.585132268706182,0.3749961137459371,0.0381298790773161,0.00174173847056475
78a23bf98f576,0.9484731740814908,0.018592956072445432,0.0312370547405188,0.0016968151055449412
d8bf9bc40f956,0.11233271526908328,0.11637570064257659,0.7711558661513488,0.00013571793699129842
c0e35faa240f7,0.45858208152052776,0.15883014430705245,0.3802193625962498,0.002368411576170027
14a0b10f57350,0.06506958207373349,0.2747675825587911,0.6600293015752732,0.00013353379220218793
67e6a57f18620,0.10220641208977504,0.4091674676871848,0.48853943294395985,8.668727908043103e-05
2a0354f66e21a,0.6911264026237637,0.04535384579111206,0.2634414531853101,7.829839981420842e-05
8836c1c470302,0.37796819273983073,0.10513100958723028,0.5167901389823572,0.0001106586905817922
b21d74d065335,0.912751197590237,0.0291263687740403,0.043399011340130064,0.014723422295592299
bcf5869e52875,0.6002696055220504,0.06514219528702266,0.3345039268093841,8.427238154280288e-05
826d04e097adf,0.4420415904913978,0.13334405523204435,0.4245019975574423,0.00011235671911570248
43dbabee0259d,0.49656154795891777,0.18721687488083313,0.31609970247061203,0.00012187468963711866
f5347d56c9571,0.14255250368090203,0.17469325581909484,0.6710905262461382,0.011663714253864902
4bf80ca51a695,0.027239691593757574,0.023832436657159273,0.9488630865572918,6.478519179132357e-05
4056fa615c6d4,0.9968031084555435,0.0026972657265272957,0.00047009660962221163,2.952920830707003e-05
2f3174b89420b,0.7313241927401782,0.050915275070536135,0.2161606210091133,0.0015999111801723934
de768558eabe5,0.7957448179766257,0.19770175713779367,0.006472663960812481,8.076092476817797e-05
1d4918a8c517e,0.19495709025941624,0.6577420978131833,0.0012075582400088265,0.14609325368739176
25e8ada5ac109,0.0644075666086461,0.9347693553939423,0.0007732080425179198,4.986995489358183e-05
9251f1d76a7bc,0.0838197937155273,0.9143598622576329,0.0017622784013785336,5.8065625461239584e-05
d0aede5463464,0.6981109844744318,0.2851046179939481,0.011876313143407473,0.004908084388212665
b1a8865d46fab,0.8856887370131243,0.049604436388361754,0.04969953598145489,0.015007290617059013
b44e327ed330d,0.5732035139620016,0.11910700868100911,0.3048807836105065,0.0028086937464827538
12cb022091521,0.0973334221094712,0.9009503759920194,0.00166268834883543,5.35135496739476e-05
85719c5eedc2e,0.9876068842226977,0.005266124808498175,0.007096857061887871,3.013390691629049e-05
716f0621b2b8e,0.8451069694992837,0.026791445881414556,0.12805755263203555,4.403198726638653e-05
0801fe2b85d8f,0.6782995487364804,0.3194422528317558,0.002156366323745983,0.00010183210801782916
374e4d3d3a825,0.14101162798594033,0.16805989441392807,0.6908626575837387,6.582001639301209e-05
1f9c2b9bd550e,0.5035582159855683,0.2833980321752675,0.2108459745252579,0.0021977773139064396
24849419778e6,0.0054075136312788895,0.03352494166792362,0.055462553345985315,0.9056049913548122
d7c724436e10f,0.22090547768507,0.46897308378485725,0.30995938753632984,0.00016205099374282147
35ac36a0e9332,0.9894067218351872,0.009756774746120647,0.0007993863889209423,3.711702977117661e-05
67ca49cbe9963,0.7914967886565372,0.11092032742436729,0.09560111285629871,0.0019817710627967377
a4432db98090a,0.04213915972513763,0.9554160719424808,0.0024093918128906106,3.5376519490871254e-05
a25b11e86b58f,0.29596570460693095,0.10965973480182327,0.589435511129903,0.0049390494613428555
1af7c95c6d14a,0.199176523710331,0.4140128561006636,0.36353765160738977,0.02327296858161566
64dab177f0701,0.07348817167086155,0.557124799361037,0.3690839140968224,0.00030311487127917093
62e926e35e177,0.5582153737589651,0.3531340860614742,0.04704554646847488,0.0416049937110857
eae92ee37d2a1,0.619497461473809,0.36582047345101487,0.014613448841647668,6.861623352845792e-05
4622a2cb547e6,0.13892179935791704,0.010809592589969882,0.840995350546043,0.009273257506070044
11fa91af86e8a,0.9463794913203115,0.02314131254796305,0.030095016172631234,0.0003841799590943141
a0b0ca0fe0f8c,0.9490101735703634,0.030786865798366744,0.01789496395594101,0.002307996675328641
46685042b18d0,0.004511215268126671,0.03823586140932972,0.9530650120350609,0.0041879112874826045
8dbe257f5968c,0.9306864200672103,0.021921049021757795,0.04734251400826969,5.001690276204049e-05
e3d1904e5424e,0.06819786694697949,0.7874966586748893,0.11829302595904613,0.02601244841908503
9c131d8b7f254,0.7381700184613574,0.09833802092526715,0.03860830837782494,0.12488365223555041
94e2c9578273d,0.3754819098653355,0.17336477581838305,0.1288619087779396,0.3222914055383419
021680f2208d1,0.26164249490742336,0.381158543233929,0.35702013724319925,0.00017882461544828292
2191f28b2de40,0.006317563808762566,0.9926192625618002,0.0010014856121544839,6.168801728286279e-05
975564d687628,0.04291364971586596,0.820274950739129,0.1354102377671499,0.0014011617778550774
bf2b682a0e2a7,0.010142325280765922,0.9894332348617995,0.00038704982544627284,3.7390031988552594e-05
25821f039875a,0.9611815839464716,0.01737292716713068,0.02033316419806997,0.0011123246883278212
98a8e0dca737c,0.5181312686351525,0.15611326746476495,0.3206714470567946,0.0050840168432878695
363506e7783d8,0.1697108934816813,0.3515795177857814,0.426420761809867,0.05228882692267037
cadafc264a518,0.03039019348258702,0.07582845292762778,0.4438043114815489,0.4499770421082364
28611d81ea48c,0.9149638740272308,0.0028204905177754624,0.08081927355106784,0.0013963619039259933
84dfe9e295a0f,0.06256187492422856,0.7807911525339206,0.06306172344547809,0.09358524909637272
b483b623396ed,0.9186448861417575,0.03352571580352114,0.042371179952826875,0.005458218101894582
59525c19c0698,0.2686012010536008,0.6121951081867196,0.11913636929569847,6.732146398112502e-05
762356929ecc4,0.538353135672238,0.13625062971681628,0.32528835016893715,0.00010788444200858787
ba59d11627d44,0.22281742727879011,0.26362307930977347,0.26426975590352314,0.24928973750791322
3cdf4c54bfd25,0.11427910899133382,0.1271904315696309,0.7584542553868141,7.62040522212198e-05
a3c0afc895e93,0.7279078775053035,0.07967889303887375,0.18505458485776313,0.007358644598059465
b3aa260237259,0.08015706628446191,0.6387243127971257,0.21383233509351182,0.06728628582490066
c5cb0e6223305,0.09197090840732261,0.06423069513008699,0.7778226899153828,0.0659757065472075
775be0b696943,0.4668287409111738,0.047999577601982125,0.015567001456111855,0.4696046800307321
8319f91f7977b,0.11773099274239193,0.12240430591793522,0.7126645968965314,0.047200104443141454
5836c85f705a6,0.0596496863928054,0.5278749418253271,0.412365051736222,0.0001103200456455243
4f4bfdf8ea5b0,0.4259754484903115,0.4843999576803215,0.02568656448635583,0.06393802934301114
80682f51ace43,0.06724066653341396,0.09487616399206442,0.825294976387092,0.012588193087429792
40995f50c5d7a,0.5259788968727165,0.46742875374700443,0.006412867345622628,0.00017948203465643355
b923291687c65,0.38464963865178525,0.5602091903448281,0.05505018355602722,9.098744735940476e-05
caaf0aebea643,0.4225175835737905,0.4342466262078322,0.14106686155872583,0.0021689286596515774
9fa2cc2135e8b,0.0025190503001051214,0.006615156501371151,0.8232669029609925,0.16759889023753127
402e38da5ad87,0.03869317108048803,0.02232418029060507,0.9348007700065354,0.004181878622371333
429ee412fe5c3,0.04563917549356555,0.8521229627305091,0.10218403820669479,5.382356923061341e-05
fe14355e17cd2,0.08566626155188814,0.7100588983903812,0.004961370078232244,0.19931346997949856
a4a4b9b6fd83b,0.4756792817956192,0.49909168152818845,0.021021656884873598,0.0042073797913188046
dab22b2e2c565,0.9192976249492266,0.03808332342385069,0.0292526706042845,0.013366381022638209
a66a6167020bb,0.9962174861619536,0.0032446111533643526,0.0005156816342134549,2.2221050468547404e-05
862a7bb19a980,0.7117153894667488,0.2753542124367683,0.0009333970049232249,0.011997001091559609
1de7098788124,0.4980570368750751,0.15899052921370815,0.3428319901788644,0.00012044373235247593
44235ccb0e36d,0.6011677884783784,0.34752270251642153,0.011498769342005702,0.03981073966319451
a7a8d0a8d52a2,0.2657654463031997,0.6742605696473628,0.056399786061606866,0.0035741979878305646
67a83bd433c7b,0.053723456759014,0.4671831341991014,0.4790320274892738,6.138155261063298e-05
521978c6fdf43,0.4998850821596182,0.10567549031958867,0.39435207373384545,8.735378694771118e-05
1e2b9fcffc6a8,0.3940574067946955,0.500364616438606,0.09000424852627938,0.015573728240419214
0b3d82a4c0ddb,0.20790844901765135,0.7696187945270196,0.02238681972262393,8.593673270498532e-05
c6289f4576a04,0.5587753472292973,0.15752968147824334,0.28356960403535225,0.00012536725710703137
f24039f1c761e,0.7778615706852432,0.22116754766011,0.0009269419806503001,4.393967399637048e-05
502eead3852f0,0.7241510326462823,0.2638726523869067,0.01187643087202118,9.988409478985708e-05
beab157ee3802,0.43576921813648944,0.34442169687694474,0.21875130069662885,0.001057784289936745
3012f6bff8346,0.0049820553390198105,0.050449148474928734,0.944525875827885,4.292035816648227e-05
2d447319fb871,0.422778734646936,0.08841500227447846,0.03466834757827809,0.4541379155003074
10b40c22621c9,0.004771377542527513,0.9947664004959962,0.0004338047177087945,2.841724376741519e-05
ac20444958402,0.18715009327167303,0.47544254078975645,0.23067007397758904,0.10673729196098151
866bf88b49ee8,0.0596496863928054,0.5278749418253271,0.412365051736222,0.0001103200456455243
4cefde2135ab9,0.05236675465618065,0.05597330094814503,0.8801948661893993,0.011465078206274898
f64500af3a21f,0.1626457165086856,0.25888009519921484,0.5568823003574213,0.021591887934678346
6aa9c0e73a1c3,0.04052275983583133,0.9289554450600488,0.0304578382014652,6.395690265454624e-05
d365e96ce426a,0.4822192779195388,0.12064452353903728,0.39703504730685296,0.00010115123457097864
cbe78e29da85a,0.14134550602686893,0.04840343246590087,0.8101506573194265,0.00010040418780374692
03b264b18c8c1,0.06349473384041551,0.3506939192494369,0.5857170313572196,9.431555292792784e-05
faab541957a50,0.3445309815716251,0.2491544993053979,0.4028264107120751,0.003488108410901862
c8deb68c53946,0.7219675698933902,0.2668069976702585,0.010204345722945188,0.0010210867134060656
a33a73a205b5c,0.5118192389270968,0.487312743580157,0.0007948676942839505,7.314979846222414e-05
f50f1cb1526ea,0.3661645707442256,0.582666596385808,0.04958309061320213,0.0015857422567641692
ca77a3fbbf9a2,0.1740742715567538,0.17963320404691252,0.6462105243840963,8.200001223722581e-05
c284a5b75de72,0.04979117511075688,0.9498791861828595,0.00029673700930138983,3.2901697082094923e-05
984e8cc312693,0.9527677509901545,0.02530521439678374,0.02020182994173612,0.0017252046713255305
ecc2046956e4f,0.20886218188655103,0.16021496103180985,0.6277254785210388,0.003197378560600359
113143d46c10a,0.9968657396565941,0.0027546098486952936,0.0003547060243548092,2.4944470355802884e-05
dbaed32fb3ff5,0.05587316137364841,0.9142764634536434,0.02038911195968125,0.009461263213026785
d59612009e4ff,0.5525300899534216,0.13820279645940584,0.3053413938377928,0.0039257197493798345
f09a4c1eb2241,0.2923468748847177,0.4607691857668548,0.24675570241600922,0.00012823693241829863
64babf6bc0c26,0.9981699166573601,0.0013881352024271015,0.0004233243516099873,1.862378860291572e-05
be28687c974bd,0.324266676146287,0.01206204443216453,0.6166305338600269,0.0470407455615217
69053937dbe2f,0.16045685317527317,0.11060198539611374,0.6706619043623875,0.05827925706622556
d3084c3eb130d,0.7971220077370188,0.060044696706305176,0.14071944984429055,0.00211384571238539
c5800e7b90f66,0.36799722956846453,0.23780061681637849,0.025621914673363926,0.36858023894179304
add129f1acd7b,0.3564444291936345,0.5771426358655147,0.029786657859159273,0.036626277081691666
fba5e868ad13d,0.3185067947439147,0.2618691656527969,0.4195452482005493,7.87914027391649e-05
9625ef6e74393,0.7515189615717219,0.23955225688148013,0.007325500104998497,0.0016032814417995208
1cf1d8d901491,0.36140359328905863,0.4669479227588319,0.056207002067080666,0.11544148188502878
2db761e381e92,0.49924902024866974,0.14798411886530624,0.35264706686462916,0.00011979402139469737
73d2624de6c2a,0.06694756411489766,0.04384559081775773,0.8878569810137399,0.0013498640536045692
14e864dec4a3e,0.49066893333844563,0.12677454435578964,0.38244493427416604,0.00011158803159875262
97f725ae08b5d,0.8834104857311145,0.025689808803737963,0.09085870690279191,4.0998562355675965e-05
22ca9470b6682,0.47953821219938486,0.512551098263521,0.007832415967417251,7.827356967694352e-05
67acb94f3aa3f,0.06557888179198938,0.6901444492289723,0.24062302142068018,0.003653647558358139
5ee565b1c6c58,0.7136194395996716,0.2584937519381969,0.0007364935404134587,0.02715031492171804
5e52fb52ddd67,0.7679157381405355,0.0024793327825731164,0.0384097846443874,0.19119514443250402
c24a27bececc5,0.2625833561588552,0.07777925756145829,0.5051935157756469,0.15444387050403963
82cdb80b63d3d,0.010877110397845856,0.8531249938107105,0.13594546555929088,5.243023215281548e-05
67a51dd0efc23,0.7234432437220869,0.2719578667016936,0.00449796591624881,0.00010092365997062087
9f36283add9f7,0.419830681757931,0.356269704300577,0.22354422956947653,0.0003553843720156491
186b89dfadb80,0.49529507812936396,0.32072579791841976,0.18386534044739777,0.00011378350481873764
67833ffa4484d,0.6349040040819948,0.31005538743257066,0.02577436485050675,0.029266243634927767
bd7c0b9a281f2,0.5639068439007532,0.4031794729567757,0.027888095299442035,0.005025587843029102
48c7f311b3c25,0.694107999281104,0.0539582331447717,0.25052310157858404,0.001410665995540315
181b0041ed23e,0.11267047885389796,0.7945139832798309,0.08370428030769986,0.00911125755857115
00ed5d7121970,0.5231107305060747,0.2857252485308371,0.028953638651260945,0.16221038231182722
0664a0730b8d3,0.4980663698489049,0.1357568671447733,0.36606759305506853,0.00010916995125316644
ca330f389b732,0.8282094249898516,0.015716024682622492,0.15600366247005304,7.088785747288618e-05
b6ca4f41fe269,0.059686981418935074,0.8526189843254028,0.08369112988529115,0.004002904370370945
f883a19389bb6,0.062457858619267906,0.06493199981769318,0.43153507084574005,0.44107507071729896
47ab0d194aea4,0.9914276236631452,0.003065498084283848,0.005482153366514843,2.472488605600569e-05
24ba4f230e0d4,0.4307309399505044,0.1855432568301948,0.383553603862949,0.00017219935635172208
e11ea669cd9ee,0.142363242054548,0.1465147614619776,0.7110360153186683,8.598116480604293e-05
d690b9ad73458,0.349587885157409,0.279222028087216,0.3192612688551961,0.0519288179001789
77abe86f3bf63,0.9759911132004513,0.008707021050397482,0.009680085979639139,0.0056217797695121375
2f20b65953e25,0.10388488844984393,0.03269381322191363,0.15206202705175811,0.7113592712764844
3f5fb2cfcd506,0.9703210679818836,0.010852445119154704,0.01821407075400516,0.0006124161449566131
c41007d2dacc7,0.501308013571241,0.47216465764235593,0.025169849431478833,0.0013574793549242206
cf2fe07f47505,0.016424460952464883,0.059021585683713254,0.8746561928394978,0.04989776052432396
2c9a28808544f,0.7980096383885954,0.11627661156537654,0.03869679080681123,0.04701695923921663
ddbbb500adda5,0.4216326496020971,0.13720497443846752,0.43791520178735593,0.003247174172079555
6e4386833e213,0.8238776019417803,0.12640421326431978,0.04945591282272906,0.0002622719711709409
edc8aa6c76be2,0.8819902163124822,0.032765319786447575,0.08519830684162134,4.615705944879623e-05
d725fb6e315e7,0.8915652786737421,0.07136332262853924,0.03700507603360624,6.632266411226005e-05
5894e1107180a,0.17988572311328105,0.056200148594510564,0.2830766569700757,0.48083747132213267
6360ae4028024,0.9101189387066113,0.0010996977106334238,0.03598480625989624,0.05279655732285891
8dd44f20f12ed,0.5730916975855453,0.11314802794865535,0.31365780902803414,0.00010246543776526718
5a9fffd4e4065,0.04803624393792862,0.9378379658419396,0.013232966499086212,0.0008928237210453714
0582ccdaadae6,0.6743218960556757,0.09371955993660311,0.23096773563461107,0.0009908083731100651
b4bd7db9b127d,0.017229441934228908,0.8166804428056621,0.16601356640408688,7.654885602211559e-05
1b13da9f6507f,0.9040386323414278,0.09515465565774434,0.0007472257102698468,5.94862905581458e-05
5e40c3c6ab265,0.974741449837137,0.0073814849797299575,0.013982493235769443,0.003894571947363645
9c2adea981bc5,0.04058826054394699,0.92559559838691,0.021480068239008582,0.012336072830134456
4b65ffa78ed14,0.9986107419969753,0.0011000856250241908,0.00026759521069965144,2.1577167300879876e-05
d96590e39ef39,0.9580533551664887,0.0029452677929419618,0.03800093862361122,0.001000438416957947
15e7e4741406c,0.5772327881776838,0.389308094616264,0.030742463650588102,0.0027166535554640375
8f39c8f5291af,0.15068829356864497,0.15566291591610956,0.671537782849798,0.022111007665447473
a2da9054e7e4d,0.9982292683355694,0.0015862163071115865,0.0001721056225193493,1.2409734799822508e-05
07c1dce74ac49,0.07377253960413174,0.9246073009303547,0.0015661077932734389,5.405167224009266e-05
34c99f80668f8,0.1054632723929963,0.1218417694399646,0.7676280489793919,0.005066909187647183
c0b9ab893b99f,0.611770812361609,0.2816228826682686,0.10561117041950652,0.000995134550615847
5e88107a79e3d,0.024257845066025557,0.8986240162964775,0.07706557649880118,5.25621386957932e-05
069296eca3ce7,0.08529999249910754,0.43813331324873445,0.4764955223491345,7.11719030237044e-05
778fc212e608f,0.5114625546859294,0.086391964005873,0.4020185264695369,0.0001269548386606589
23975751e2edc,0.3441617938703406,0.146334632410446,0.49742005449075416,0.012083519228459265
e670d24a28e5c,0.2807763337826886,0.37127844936010107,0.3457214929734098,0.0022237238838004885
cb0e2df1fe3ac,0.5822885958090425,0.4167395666765424,0.0009154703712509881,5.63671431641959e-05
68c4e021daca2,0.024690104659873563,0.9744604836098135,0.0007825827194578042,6.682901085492317e-05
72a1e8e9ce54a,0.323108498849649,0.6506655347665183,0.026117671305370797,0.00010829507846181058
4c75afcaf529a,0.11570942536617615,0.8724482154092096,0.011781341006235688,6.101821837844595e-05
09c270bc976c8,0.9957300369993295,0.003881290161660946,0.00034889964622999113,3.977319277943814e-05
5db8c7a8eaf17,0.41386739653355004,0.3125449340951822,0.27348608603126084,0.00010158334000698389
4ffd7a7e32026,0.33142906266543964,0.34428817174546134,0.026950572331617063,0.2973321932574819
0d20616daa3eb,0.36437670398819366,0.2689401367931845,0.36659854031424904,8.461890437285477e-05
755ed1cdfd528,0.06527951481026244,0.056188497634173995,0.87845476803668,7.721951888367452e-05
d5017beb72d4e,0.6468781262898347,0.3504607909660712,0.002576407303239105,8.467544085515343e-05
db716b400d6d0,0.4943714069171374,0.14131896490978743,0.36419773057886795,0.00011189759420716957
3e51741276e13,0.5192414926039594,0.13261535857487117,0.34688101178513514,0.0012621370360343274
89b746665e0f9,0.9627770135833928,0.0011570649767602735,0.024557797279153484,0.011508124160693276
9776f50625fa2,0.7784719472582922,0.10348621651488994,0.11698961420324637,0.0010522220235714588
3add0fdb99a88,0.12769766931622725,0.20742556624746164,0.6648072506192229,6.951381708821704e-05
496a9674bd046,0.9634036144400653,0.0151689883490618,0.01963759471563697,0.0017898024952359409
219d5402dcf1e,0.8553140712473651,0.1395302178175622,0.005082561522725007,7.314941234755133e-05
2a78e9d519da3,0.5729645514490876,0.11510057242190737,0.3058418014467364,0.006093074682268621
6156b124e4316,0.11036296939676801,0.8880728094064743,0.0015006508490990331,6.357034765877888e-05
247ce90b93083,0.08572593313538493,0.7050238677518434,0.2091636672076377,8.653190513398636e-05
460f9985fbc73,0.9983303786239152,0.0013516297657801084,0.0002967352223835437,2.125638792127027e-05
42cbdc520be37,0.4015400548952376,0.16650007088239832,0.4318142785802256,0.00014559564213842402
320edd9a92940,0.11837323829996241,0.6243869825528362,0.257150047126992,8.973202020916942e-05
fb03265150bd9,0.9596222661146084,0.001864707216723715,0.03703975387013649,0.0014732727985314294
bdd3f3a112bd3,0.9760676747312742,0.008721284111985195,0.015080227745695769,0.0001308134110449643
4d86db1e431e9,0.37459678049064055,0.12996883530278283,0.4930518334430016,0.002382550763575014
efbc1956b8641,0.10371890132823493,0.8889471603699969,0.007263784540035744,7.015376173233062e-05
a64d83abf14c1,0.16835093101311496,0.6238946538685192,0.20765824404250935,9.617107585659445e-05
dd65244b7c5bf,0.817037934000138,0.057313433029735635,0.12557544377097915,7.318919914743794e-05
a241e62ddc58a,0.920638543762164,0.04147205924678396,0.030461970336077695,0.007427426654974249
ef79022537337,0.3496616926912036,0.6105416322252657,0.02987424048046449,0.009922434603066355
f9a5b9d1ccff6,0.154748710552709,0.8234269303462213,0.021735221565351636,8.913753571802194e-05
6657ead7433fa,0.6206001449929262,0.36317721393012314,0.015372929068088488,0.0008497120088623662
788aed91add51,0.007730093350868516,0.9918662688506543,0.00036787667408346835,3.576112439400639e-05
017f2211fcd07,0.07994044896761983,0.9184255156466534,0.0015748768824743616,5.915850325231889e-05
c72cf3813a67d,0.09182205240575443,0.5439217817121681,0.3641443297760032,0.00011183610607418382
f352fa8ff26c2,0.6187093512078482,0.07556070038997369,0.30563310565003937,9.684275213875291e-05
eea4f719edcf1,0.1392376926483594,0.8116852367395667,0.03875776017426119,0.010319310437812782
e617d9a4c0c6b,0.9724839479527533,0.004810375254188835,0.02267580604151223,2.9870751545739758e-05
e42b1f7b9f5c7,0.15071693406891595,0.16395722878395302,0.4743472866234171,0.210978550523714
77015a1bf9de1,0.1149179087124399,0.04712593059006452,0.8378832173814335,7.294331606220314e-05
bd9685887dbfd,0.1440584440678651,0.7079449035323988,0.1479075253703235,8.912702941276673e-05
9190a9f0e2f4a,0.9650759301044554,0.0344745467720683,0.0004259285973787698,2.359452609769676e-05
ea4ddfc999a50,0.0196844092928549,0.14442692404115662,0.8245575342697503,0.011331132396238189
4459363f63263,0.32220227065152396,0.29074022571995234,0.36526639712432546,0.021791106504198167
e70bfa4b8641a,0.8869166876261513,0.020852323139098225,0.031232542437172228,0.060998446797578335
185349d3a3345,0.18403790783289908,0.7920785535038571,0.02379615850572639,8.73801575173885e-05
b3308dc8e21c6,0.9488560386072564,0.018378399054117214,0.030884319090190664,0.0018812432484356383
8f545aa1ca394,0.32551422933336466,0.07088207519738018,0.6021420158899995,0.0014616795792555392
d2b503fbee298,0.1382595807465177,0.8606983357677761,0.0009906343612338191,5.1449124472338966e-05
39bb6c38ab7ad,0.7573602368754814,0.0039345732460997936,0.1930527934913626,0.04565239638705629
64bfe20a6bcd6,0.03842043545971715,0.5093000706514951,0.4521791237892141,0.00010037009957374776
0bebce615255b,0.7421799347489826,0.043890067540436964,0.21385717987371586,7.281783686451518e-05
ee015edcbca43,0.06217596276452089,0.0814310667372767,0.855124020192822,0.00126895030538027
01c7d077036a5,0.01656851402958416,0.19493884431850142,0.7883123357429475,0.00018030590896703347
629a17640b6f2,0.03154008741311542,0.8620958232658708,0.10631301090732283,5.107841369097e-05
47a2252476f5b,0.5246283097817457,0.12322009226568026,0.3520230018333181,0.00012859611925590962
7d9bc6f969c44,0.3141983680216999,0.6617385336247855,0.023999393657289352,6.37046962251818e-05
7be02fcbce717,0.9335174169375879,0.04749204149603548,0.018374733724020945,0.0006158078423556466
7c00eb1151bac,0.6351859103293906,0.360835450784152,0.001016114711787296,0.0029625241746699
034dc7bd5fbe1,0.08509393032242017,0.0039921297627787755,0.9108688719036278,4.5068011173347345e-05
93f07cbc1ee8a,0.30923830231649513,0.23072660373403162,0.4599298646744274,0.00010522927504581303
c69b302f54c62,0.03827763009662116,0.17020082574524903,0.7686940795177291,0.022827464640400856
0753699f8e702,0.5374651415274971,0.14633802028100626,0.3160769336553626,0.00011990453613404423
5b58a3570e29d,0.0031944924102029234,0.018567707126490328,0.06082537010539515,0.9174124303579115
72140bc89d304,0.42129067242463214,0.12768317979521898,0.4509083750650878,0.00011777271506107688
ead07bc039d39,0.06512707220169714,0.8856472486397691,0.04918588206924796,3.9797089285809905e-05
927e9a313a2ff,0.14950076709917345,0.8494077707694481,0.0010216896254566386,6.977250592193023e-05
9be30263c7873,0.03333188888079012,0.03886097821166093,0.9240518097112125,0.0037553231963365526
5204af487c424,0.9757166630375314,0.009367632388653607,0.012707686997327838,0.002208017576487197
3b4f1cd954ecf,0.047801601489898427,0.9263726528979591,0.022509255959389195,0.0033164896527531663
2e4438586cb1f,0.2800849398110779,0.6821929619519466,0.03203493255948951,0.005687165677485882
03f6d9dce4a94,0.7098805719246024,0.0828291392702728,0.15063837453073933,0.0566519142743854
85c4215076ee8,0.504142546645823,0.4874891548641039,0.008300725671707448,6.757281836558081e-05
4e9e123860c43,0.5682347044223037,0.4255959650913702,0.006086708375458954,8.26221108670614e-05
6b25bdb988de3,0.9882344101832027,0.0005938686440557316,0.010824976424739416,0.0003467447480020589
5bdf33752016b,0.14915921310998176,0.8348466669060232,0.015916137565694,7.79824183010573e-05
52aaa9f845591,0.07440016197350863,0.9244021390874434,0.0011478185263342608,4.988041271363459e-05
ae15f24bf4448,0.14873011911606934,0.817046312068406,0.03213158831545404,0.0020919805000704046
601589fdbae68,0.016919167230178334,0.08200502992441355,0.8742957119106127,0.026780090934795543
861c17b3ed2c6,0.050856977814900985,0.9447669274210602,0.003946624387360401,0.00042947037667828827
a70b706946a1f,0.9042420865854071,0.06182963278714768,0.03164334834356983,0.0022849322838751876
e93e92ee7091c,0.5349811205580665,0.08375995398824666,0.38116338595050864,9.553950317821472e-05
40cfee8fa3338,0.8737678744568174,0.06400242994804521,0.0592787130107409,0.002950982584396387
32d3baf6d138b,0.5023403758527188,0.4696834509797788,0.027914792175823627,6.138099167879018e-05
9e45c78bb6bb2,0.7034044245926517,0.2916978247853589,0.004810709760087824,8.704086190147069e-05
ee1b94b461f2c,0.9830190808919448,0.00544679594452669,0.010734873969436924,0.000799249194091515
f8ea3a7633ab2,0.5420430514062842,0.12947074888115034,0.3283794744440125,0.00010672526855283316
f9bf4ce79ba88,0.5574793934582752,0.07085877208533593,0.06084483571826152,0.31081699873812724
d5f8b6c8e4295,0.11521567402792511,0.41518558011362927,0.466512476089612,0.003086269768833593
50345cc9e464a,0.011013406571169813,0.06740570722162519,0.9214280171475513,0.0001528690596537017
c2498069bdd1d,0.07689659660399732,0.8405295920371448,0.07620222137708861,0.006371589981769432
8c2a5aefae2ac,0.03862288946477058,0.9418782490255028,0.0194573784462695,4.1483063457294685e-05
619dac1665aaf,0.5476625403362311,0.1971377939211784,0.2550910745833377,0.00010859115925280501
94277661e9626,0.01824169495834321,0.0037879054010698395,0.9750919712596743,0.0028784283809126826
14e2b10ce1cae,0.9661555684344725,0.012516434604667583,0.01908304240249529,0.00224495455836473
0c13cabbd2598,0.04705233654616754,0.07864879754822783,0.5617484337151623,0.3125504321904423
a081aa02cf84b,0.18480979184840884,0.440640439564506,0.3744640206462011,8.57479408842569e-05
5fdc6d3cf8bfd,0.07461869547762041,0.8369713284757723,0.07764277913860933,0.01076719690799794
905a001a8964c,0.06229187799500245,0.9079788855170443,0.021859298189611503,0.007869938298341933
9b4399c86c840,0.6380182745253845,0.04275347871926271,0.31788530953221117,0.001342937223141584
caff54b28b2fe,0.9072500245969549,0.03597463069423827,0.05260811217265365,0.004167232536153187
f05f532cb3ba8,0.12132802861984684,0.6888288880334588,0.04716005256084215,0.14268303078585232
cd0db99193ca9,0.4960146076016585,0.1003304431604637,0.4035031980502553,0.00015175118762244876
9d714bc62008f,0.6843615626262632,0.2323584272475924,0.08314580711762332,0.0001342030085211418
2d1a3240e6f24,0.009743597597299423,0.02657609830850301,0.9636274017756238,5.2902318573701696e-05
387bb54ba70cf,0.9915181124301589,0.007645170192323178,0.0007758995592568313,6.0817818261255964e-05
b5059f66bb7de,0.4424213979549972,0.550238093434971,0.00724738440112754,9.312420890427376e-05
2b07e3678dc45,0.13238944179568335,0.7573453981394882,0.01766741307901404,0.09259774698581433
03df57200c351,0.9094347574511618,0.009295778868458855,0.08122678539800916,4.2678282370153484e-05
a81468bde1554,0.0639509300162019,0.852278270390539,0.06548997447519052,0.018280825118068496
4cdee10298bcd,0.005668839534696506,0.05151398692257417,0.9265152103843487,0.016301963158380443
0967f5268aebf,0.9338486681105903,0.06570781043936008,0.000404867779560833,3.865367048890518e-05
d7fedd5615367,0.7581585864204282,0.09698329138988213,0.14473465142337197,0.00012347076631778818
1b2f7add4b222,0.29383625084128273,0.35255095091798416,0.33426806070245774,0.019344737538275363
0c86fae15fcc9,0.9748544993181686,0.011093829035969038,0.011265029341847758,0.0027866423040146704
7909d9ac89a87,0.6448974798758595,0.12435196273377067,0.22409791027751744,0.006652647112852374
2aa613d131c22,0.07596661142216005,0.10807444798711552,0.8158774443580659,8.149623265850715e-05
dc297e1356cdd,0.3380959559905015,0.09537096388509939,0.5639285030725028,0.002604577051896255
3c69dbb1a3466,0.3032642839938309,0.49107622894629616,0.20555327663386885,0.00010621042600404465
0a6ada05bd94f,0.043730039987301926,0.9324503869364626,0.023748032238370572,7.154083786468277e-05
908126d988984,0.1425586546068469,0.6847227755601977,0.1726160557654403,0.00010251406751508317
b3cde4c3a19c8,0.005967564830652586,0.06277135045543798,0.9287734801608795,0.00248760455302986
05af8f95ffd07,0.310564876885683,0.09113086119683782,0.5966924056826189,0.0016118562348602732
0349f87fb4d2c,0.3962239054635091,0.14721784225740375,0.43177470022058956,0.024783552058497516
382521416fa3f,0.7979886797871371,0.19886611585593272,0.0030892608715676136,5.594348536251287e-05
f96176399750f,0.6800337833958641,0.2670657177283236,0.052798006281360874,0.00010249259445150867
208250b7966cd,0.24049041936637888,0.1579683821694029,0.593835624585186,0.007705573879032186
1f7ad45393caf,0.37052527245772876,0.41400842711541663,0.03545009774261361,0.18001620268424087
020874f416fab,0.4410757269824713,0.29243163135819045,0.11305111466912487,0.15344152699021352
169a2386ddb22,0.6204933374118544,0.2791190063781174,0.05787445705230121,0.04251319915772699
dff5d34ecce71,0.028156520117511432,0.881975967102391,0.0897935816582344,7.393112186326978e-05
3066d505297ab,0.8794153781850566,0.0665486934959389,0.05122170902791634,0.0028142192910881954
05b3eafba09a3,0.38094084135280726,0.1823525372372814,0.42994314790012716,0.00676347350978428
ea8b67fb8cb2b,0.6031690159776496,0.34067324681191585,0.012344032217476073,0.043813704992958453
4bce241560a7f,0.7515189615717219,0.23955225688148013,0.007325500104998497,0.0016032814417995208
9750df627c4f9,0.7176962862457945,0.03991479659395387,0.24231919638263003,6.972077762172454e-05
5026b4a9a9e96,0.11323558038634,0.8864757271246585,0.00024485769847844903,4.383479052318496e-05
fb868ca8f6d39,0.6044175632102716,0.34765545405104603,0.04025632740037841,0.007670655338303973
ee81453dc8232,0.06443513248232209,0.4835829415167604,0.451862939966668,0.00011898603424933639
77c8d4117089e,0.27725917347065254,0.09188625611422267,0.619452103740563,0.011402466674561644
fd650c0b9b25d,0.18160991427796225,0.7728927523017849,0.03811324324523478,0.007384090175018114
1293e46cf7416,0.3036399880620059,0.11787070449301919,0.5765359587875624,0.001953348657412552
fca0598be79a9,0.5762877174068971,0.24017192080252572,0.18344346264415604,9.689914642111789e-05
62f0457d06a96,0.27478526044212026,0.09802209457325824,0.572457654154467,0.05473499083015451
fbee63367abb8,0.5174934329759266,0.11620079864538858,0.3661985793689754,0.00010718900970937884
3a2142eba4410,0.10544098928903287,0.8932029173893538,0.0012429193801491475,0.000113173941464237
3b5af0dbb8ca5,0.4362950080237628,0.16754427547681858,0.3960380143972357,0.00012270210218284512
d1a1dc263b4a2,0.5232990411136427,0.45897323608124196,0.017640714805426526,8.700799968879265e-05
d23763652dab7,0.2516777548828531,0.13542113795926625,0.32879685662232483,0.2841042505355558
c634b0a777bcd,0.1336162622216754,0.7383633490964976,0.12793452780016776,8.586088165918141e-05
751b6cd26a219,0.9135507208807953,0.0848984579024107,0.0014813950353085793,6.942618148550468e-05
5332001aa6aef,0.07571330754568076,0.6693889387822869,0.207702094548419,0.04719565912361325
e4768ac20be62,0.9338403233992288,0.015439545594822645,0.05069328809900523,2.6842906943166294e-05
db6a175b5d194,0.0557320669808581,0.9050569177367462,0.039136269134470346,7.474614792512402e-05
0646b40a21a4e,0.1511616365710825,0.27095810785901464,0.5737952790100841,0.004084976559818775
56d5c15819380,0.00568589221340252,0.9938422622244969,0.0004411524394014956,3.069312269928957e-05
6f9e9f22e8832,0.4710674385660474,0.5280273598970302,0.0008549509200115596,5.0250616910854156e-05
3fee42dba0b9b,0.4557922307732408,0.12145688361872002,0.34734645106403317,0.07540443454400587
17679e970b6a5,0.7488350616690983,0.24157249689027624,0.009488940475791643,0.00010350096483388524
3c6ea7f23ab36,0.14388415493543824,0.7614296912752272,0.02137636416799242,0.07330978962134214
5503c2dd949fa,0.038689770657936495,0.6915350547061614,0.2696996910150676,7.54836208346525e-05
1996288063f3e,0.1828140941868799,0.12027927440416127,0.6968064471134429,0.00010018429551597693
92d86617221f1,0.11256655377513479,0.6504622176636622,0.2368758428816344,9.538567956852051e-05
b5369e70180f6,0.051479699812127556,0.9028098105786726,0.018764061672687574,0.026946427936512002
9417602deda2e,0.042823971853840286,0.9494187635606458,0.00659857406405341,0.0011586905214605462
5daeac7f03a0b,0.9534404225825313,0.0011564641797633707,0.03918658022802721,0.006216533009678289
c5984240e5ca1,0.901231479285659,0.051648984080507686,0.04015039295930982,0.00696914367452347
564400d72a10d,0.6681767898336438,0.1392587730870675,0.18910630687484875,0.0034581302044399483
f62299b9ed03a,0.06441122509037052,0.8997343426678202,0.021385873602978393,0.014468558638830977
b86cc93ba15e6,0.7436830839937104,0.06559560478426521,0.1800139161153189,0.01070739510670557
6caf76dccf61b,0.00849524476403512,0.9910636156984721,0.00040400576484646175,3.713377264644773e-05
e2beb78529389,0.1357443617576541,0.4175080202111773,0.42980181029160724,0.016945807739561454
df0602bafc853,0.8701014736840628,0.09840423117843983,0.03143707774174003,5.721739575740551e-05
af55c5cd70cc9,0.06274052785039722,0.8702814696369899,0.04931940754138301,0.01765859497122995
6f24d514b2cda,0.05268938800438115,0.8092505309640527,0.13797195325437883,8.812777718733808e-05
c86c7ee85f26a,0.9899781154329433,0.0033782623619452016,0.006623166098917705,2.0456106193894182e-05
963b79cf906fa,0.45966228206265874,0.43285164232250006,0.09750377972858623,0.009982295886254969
6dc1538c8be1d,0.12753510693537828,0.7410491213393223,0.1313121654742356,0.00010360625106377231
51b91f1ad3b34,0.9979088809949409,0.001962130812354,0.0001166508250490074,1.233736765618468e-05
d8100b944cf06,0.060973124124234966,0.7153693174938479,0.020456530636486496,0.20320102774543058
2253ca980a8a6,0.4687391584808965,0.04453671495563958,0.4866247110189978,9.941554446613308e-05
7471770845676,0.08635958611211052,0.49705064189848663,0.3995296502505816,0.017060121738821234
70d420ad13d0c,0.22129316231199112,0.6776085522806803,0.10093096851209254,0.00016731689523621769
48036daabd02c,0.11373752764058652,0.2776151245522076,0.6076599607087316,0.0009873870984742651
51b1129b73a45,0.25862589119909724,0.6844252665564498,0.05686098335450053,8.78588899523333e-05
02fa1a16cd3f8,0.04887340279641056,0.9375972491715132,0.013485568199490544,4.3779832585714e-05
6133a8d0966d5,0.8385909994873293,0.06727774605337128,0.016435723215016605,0.07769553124428268
92b3cf64759c6,0.029418501341026398,0.36755850145433866,0.602945102338719,7.789486591593795e-05
736ef9d5c1d0a,0.07437444788113805,0.4552047896477301,0.4637559089587477,0.006664853512384188
17e43e152970b,0.13367423961885994,0.05327107473430738,0.8129862838849916,6.840176184109718e-05
221d09fc402a9,0.6950393466234943,0.09875567280030408,0.19318620427893654,0.0130187762972651
faca71a6a7117,0.9087469113693005,0.048543698044041725,0.04058923799159392,0.002120152595064032
181e02f126b06,0.09823692241070378,0.581199594931731,0.3204454268177477,0.00011805583981749923
414ba022e2b58,0.07570428114766649,0.4272005146472808,0.4970011630455755,9.404115947724481e-05
601f766027bbb,0.07578864318869741,0.4078279376312544,0.5163137342898255,6.968489022262349e-05
e69843ee7099d,0.7792446105001969,0.03580251623300988,0.17731938173603048,0.007633491530762839
845966878ecff,0.7724853428581885,0.0023841216970677146,0.20731085439176847,0.01781968105297544
3d592226da83a,0.6519045464330673,0.08432195278681648,0.25022918747654904,0.013544313303567162
b67353b29b528,0.12581091844430814,0.14153892011343985,0.71012605263513,0.022524108807121936
37624dfdad110,0.6314174070562918,0.3359412813292891,0.032296727032777056,0.0003445845816419802
34b6c602595ee,0.49509950590160773,0.5040321636565963,0.0007961031745516076,7.222726724438015e-05
8acefee135608,0.13293427757568954,0.025075582045887453,0.8418964301561104,9.371022231265056e-05
5d0e097609225,0.1710810165584494,0.6626051013599058,0.1662113048909295,0.00010257719071520325
ed1835c1cc5a0,0.9149276047086559,0.0032500379449123054,0.045070252277418024,0.03675210506901373
